14
OURS OURS.jpg 0 23 213 5 1 0.194737
LOUP LOUP.jpg 0 328 197 3 1 0.194737
INSECTE INSECTE.jpg 0 473 428 42 1 0.289474
CHAUVESOURIS CHAUVESOURIS.jpg 0 467 110 5 1 0.100000
ECUREUIL ECUREUIL.jpg 0 855 412 47 1 0.194737
ELAN ELAN.jpg 0 14 479 34 1 0.242105
OISEAU OISEAU.jpg 0 701 384 8 1 0.194737
HIBOU HIBOU.jpg 0 872 118 3 1 0.242105
RENARD RENARD.jpg 0 668 236 11 1 0.289474
CASTOR CASTOR.jpg 0 328 420 18 1 0.242105
LIEVRE LIEVRE.jpg 0 188 309 21 1 0.289474
FRUIT FRUIT.jpg 0 893 667 100 0 1.000000
PLANTE PLANTE.jpg 0 227 638 100 0 1.000000
GRAINE GRAINE.jpg 0 622 665 100 0 1.000000
20
5 12 0.535714
10 12 0.535714
2 12 0.714286
9 12 0.178571
6 13 0.357143
6 11 0.357143
4 13 0.357143
4 11 0.357143
9 13 0.357143
3 2 0.178571
6 2 0.178571
8 4 0.357143
7 4 0.178571
7 6 0.178571
0 5 0.357143
0 12 0.357143
1 8 0.178571
1 9 0.178571
1 10 0.357143
8 10 0.178571
